                                                 RealProp.Parcel_units                                                  


              ssl  units_total  units_residential
-----------------  -----------  -----------------
3953    0001                 6                  6
3953    0002                 4                  4
3953    0003                 8                  8
3954    0001                12                 10
3954    0002                 6                  6
3954    0003                 4                  4
3954    0004                 9                  9
3954    0005                 5                  5
4024    0001                 7                  7
4024    0002                 3                  3
4024    0003                11                 11
4024    0004                 6                  6
4025    0001                 8                  8
4025    0002                 4                  4
4025    0003                 5                  5
4025    0004                10                 10
4025    0005                 6                  6
4025    0006                 3                  3
4025    0007                 7                  7
-----------------  ===========  =================  
                           124                122  

